65
2 2 1081292147434158
4 4 1760792368134037
9 17 7379218941168776
7861 11257 5477539912208008
1000000000000 1 1
1 1 1000000000000
7 12 6439637337963783
49127 75508 3693288613316216
7 7 6977204123379581
5 8 550103143310362
1 1 3771679948420674
4930 6317 3001060110844245
3 5 840843200459482
9545048558841825 6899255672076999 9272818149758853
99838 101928 3638110057611840
2 3 2
2407 4810 850600912749360
6396320710057362 7814230344468181 3183274048075890
10 17 370045965243845
314 512 133769420
4 6 2271224666368145
1 1000000000000 1
3865717696012301 6136029900710052 3321279115901350
9966606336937688 9740005473217677 583445907010364
74036 112850 549053549625598
1000000000000 1 1000000000000
63664 95087 9775891537969006
10 13 8689503031950123
10 13 11234567890
5 7 4495587747091262
26597 37816 4245730305851899
74116 111994 1493371909130523
4 7 6988873275022466
2 2 9825445613196928
2 3 5
6 9 2903294259185990
19716 29416 841088842498107
8025714536856354 9903000027803061 904922510325972
314 512 1024
2 2 5384712727499747
52245 85277 3528041057867931
5 9 2462869142646418
25878 28689 9188723367817961
259149987802241 6689368820300403 3534721002568495
2 3 1
10 13 3337041873753082
9 15 5802491041437611
10 13 8839845532190096
1 1 7851116204037232
13973 26419 3513626523439425
6 9 497087563
80006 121046 2203488461171151
5 1 100
725831654114702 4541733210835335 2742887072719959
9334 14595 5458585253152592
1 1000000000000 1000000000000
9 10 9259928947805118
1 3 100
3626621529746551 3995165959615617 3319701929960343
8272 10247 5338458442301888
60280 106158 382504020903546
9706554173387903 5097740681849255 2095245244912381
5089 7407 1785197717173513
9 9 2395440648063235
48878 70096 1422160026469748
